1 0.765818 0.277433 0.281636 0.318841
1 0.658565 0.633540 0.334105 0.281573
0 0.876543 0.942029 0.063272 0.078675
1 0.630015 0.856108 0.167438 0.188406
1 0.506173 0.781056 0.163580 0.253623
1 0.336034 0.698758 0.118056 0.219462
1 0.305556 0.682712 0.089506 0.164596
1 0.404321 0.853002 0.086420 0.142857
1 0.542052 0.331781 0.091821 0.102484
0 0.632716 0.359731 0.095679 0.237060
0 0.620756 0.112836 0.209105 0.223602
1 0.711034 0.076605 0.074846 0.151139
1 0.421296 0.587992 0.060185 0.111801
1 0.324846 0.438923 0.223765 0.225673
1 0.313657 0.312629 0.204475 0.217391
1 0.458719 0.296066 0.219907 0.407867
1 0.481096 0.562112 0.084105 0.128364
