1 0.756944 0.664079 0.081790 0.125259
1 0.332176 0.419772 0.093364 0.164596
1 0.829475 0.112836 0.243827 0.225673
1 0.832176 0.384576 0.312500 0.350932
0 0.770062 0.526398 0.077160 0.100414
1 0.785880 0.035714 0.074846 0.071429
1 0.637731 0.051242 0.250772 0.102484
0 0.761574 0.782091 0.106481 0.154244
0 0.813657 0.949793 0.148920 0.098344
1 0.793596 0.811594 0.395833 0.314700
1 0.929784 0.613354 0.077160 0.112836
1 0.840664 0.599379 0.096451 0.089027
1 0.371142 0.026915 0.061728 0.049689
0 0.737269 0.178054 0.065586 0.097308
