1 0.395062 0.153727 0.172840 0.179089
1 0.360725 0.521739 0.081019 0.103520
1 0.636960 0.571429 0.224537 0.472050
0 0.606096 0.265528 0.130401 0.164596
1 0.119599 0.678571 0.094136 0.110766
1 0.037809 0.681159 0.075617 0.128364
1 0.034722 0.811077 0.067901 0.164596
1 0.020448 0.371636 0.040895 0.120083
1 0.109182 0.219462 0.091821 0.074534
1 0.878086 0.049689 0.072531 0.091097
1 0.754244 0.097308 0.110340 0.142857
0 0.660108 0.071429 0.114969 0.142857
1 0.891975 0.584369 0.209877 0.239130
1 0.558642 0.804348 0.143519 0.238095
1 0.811343 0.506729 0.178241 0.361284
1 0.637731 0.954451 0.067130 0.089027
