0 0.577932 0.457039 0.146605 0.214286
0 0.570602 0.805901 0.135031 0.096273
1 0.391204 0.790373 0.183642 0.266046
1 0.442515 0.914079 0.127315 0.169772
1 0.596451 0.913561 0.163580 0.170807
1 0.883102 0.946170 0.116512 0.105590
1 0.777006 0.194099 0.125000 0.181159
1 0.206019 0.183230 0.194444 0.260870
1 0.262731 0.083851 0.113426 0.165631
1 0.372299 0.086439 0.181327 0.172878
0 0.563657 0.075052 0.125772 0.148033
0 0.558642 0.258282 0.137346 0.166667
1 0.642361 0.568841 0.094907 0.087992
1 0.441358 0.465839 0.145062 0.279503
1 0.470679 0.183747 0.358025 0.365424
