1 0.305170 0.193064 0.165895 0.199793
1 0.372299 0.468944 0.102623 0.130435
1 0.428627 0.318841 0.118056 0.269151
0 0.496142 0.059006 0.140432 0.115942
1 0.660494 0.140269 0.291667 0.276398
1 0.816744 0.099379 0.081019 0.093168
1 0.937500 0.052277 0.058642 0.092133
0 0.581404 0.538820 0.125772 0.197723
1 0.763117 0.844203 0.160494 0.245342
1 0.661265 0.734472 0.135802 0.224638
1 0.538194 0.726708 0.131944 0.329193
0 0.592207 0.924948 0.158179 0.148033
1 0.432485 0.899068 0.155093 0.199793
1 0.352238 0.971532 0.096451 0.054865
